916.6638366666666
916.6567616666666
1099.976228
1374.9554275
1833.2540933333332
2749.851425
5499.64342
5500.0
5500.0
5500.0
5500.0
5500.0
5500.0
5500.0
5500.0
5500.0
5500.0
5500.0
5500.0
5500.0
5500.0
5500.0
5500.0
5500.0
5500.0
5500.0
5500.0
5500.0
5500.0
5500.0
5500.0
5500.0
5500.0
5500.0
5500.0
5500.0
5500.0
5500.0
5500.0
5500.0
5500.0
5500.0
5500.0
5500.0
5500.0
5500.0
5347.18
5347.18
5347.18
5347.18
5484.718
5499.84718
-9782.0
5347.18
5484.718
